# LSTMAT.DAT  (2267 bytes, 456 tokens)
      [30.0, 140.0, 160.0, 2.0]
  STR: '1'
      [200.0, 40.0, 40.0, 40.0, 40.0, 12.0, 60.0, 280.0, 1.5]
  STR: '6'
      [180.0, 7.6, 12.0, 12.0, 25.0, 25.0, 30.0, 30.0, 18.66, 12.0, 60.0, 110.0, 1.5]
  STR: '6-30-30'
      [80.0, 7.6, 20.0, 20.0, 25.0, 25.0, 30.0, 30.0, 18.66, 12.0, 60.0, 110.0, 1.5]
  STR: '6-30-60'
      [120.0, 7.6, 20.0, 20.0, 25.0, 25.0, 30.0, 30.0, 18.66, 12.0, 60.0, 110.0, 1.5]
  STR: '6-30-90'
      [180.0, 7.6, 20.0, 20.0, 25.0, 25.0, 30.0, 30.0, 18.66, 12.0, 60.0, 200.0, 1.5]
  STR: '6_30_9H'
      [180.0, 7.6, 16.0, 16.0, 25.0, 25.0, 30.0, 30.0, 18.66, 16.0, 60.0, 110.0, 2.0]
  STR: '8-30-30'
      [40.0, 10.0, 20.0, 20.0, 25.0, 25.0, 30.0, 30.0, 22.38, 16.0, 60.0, 110.0, 2.0]
  STR: '8-30-60'
      [80.0, 10.0, 20.0, 20.0, 25.0, 25.0, 30.0, 30.0, 22.38, 16.0, 60.0, 110.0, 2.0]
  STR: '8-30-90'
      [160.0, 10.0, 20.0, 20.0, 25.0, 25.0, 30.0, 30.0, 22.38, 20.0, 60.0, 110.0, 2.0]
  STR: '10-30-3s'
      [24.0, 12.6, 16.0, 16.0, 25.0, 25.0, 30.0, 30.0, 29.86, 20.0, 60.0, 110.0, 2.0]
  STR: '10-30-6s'
      [60.0, 12.6, 16.0, 16.0, 25.0, 25.0, 30.0, 30.0, 29.86, 20.0, 60.0, 140.0, 2.0]
  STR: '10-30-9s'
      [128.0, 12.6, 16.0, 16.0, 25.0, 25.0, 30.0, 30.0, 29.86, 20.0, 60.0, 110.0, 2.0]
  STR: '10-30-30'
      [30.0, 12.6, 20.0, 20.0, 25.0, 25.0, 30.0, 30.0, 29.86, 20.0, 60.0, 110.0, 2.0]
  STR: '10-30-60'
      [80.0, 12.6, 20.0, 20.0, 25.0, 25.0, 30.0, 30.0, 29.86, 20.0, 60.0, 110.0, 2.0]
  STR: '10-30-90'
      [140.0, 12.6, 20.0, 20.0, 25.0, 25.0, 30.0, 30.0, 29.86, 24.0, 60.0, 110.0, 3.0]
  STR: '12-30-30'
      [40.0, 15.4, 25.0, 25.0, 25.0, 25.0, 37.32, 24.0, 60.0, 110.0, 3.0]
  STR: '12-30-60'
      [84.0, 15.4, 25.0, 25.0, 25.0, 25.0, 37.32, 24.0, 60.0, 110.0, 3.0]
  STR: '12-30-90'
      [140.0, 15.4, 25.0, 25.0, 25.0, 25.0, 37.32, 32.0, 60.0, 310.0, 4.0]
  STR: '16-30-9h'
      [180.0, 20.2, 1.0, 30.0, 30.0, 30.0, 30.0, 41.04, 32.0, 60.0, 110.0, 4.0]
  STR: '16-30-30'
      [40.0, 20.2, 1.0, 30.0, 30.0, 30.0, 30.0, 41.04, 32.0, 60.0, 110.0, 4.0]
  STR: '16-30-60'
      [110.0, 20.2, 1.0, 30.0, 30.0, 30.0, 30.0, 41.04, 32.0, 60.0, 110.0, 4.0]
  STR: '16-30-90'
      [180.0, 20.2, 1.0, 30.0, 30.0, 30.0, 30.0, 41.04, 48.0, 60.0, 110.0, 6.0]
  STR: '24-30-30'
      [40.0, 30.2, 1.0, 40.0, 40.0, 40.0, 40.0, 59.7, 48.0, 60.0, 110.0, 6.0]
  STR: '24-30-60'
      [120.0, 30.2, 1.0, 40.0, 40.0, 40.0, 40.0, 59.7, 48.0, 60.0, 110.0, 6.0]
  STR: '24-30-90'
      [200.0, 30.2, 1.0, 40.0, 40.0, 40.0, 40.0, 59.7, 60.0, 60.0, 110.0, 8.0]
  STR: '30'
      [200.0, 64.0, 60.0, 110.0, 8.0]
  STR: '32-30-30'
      [100.0, 38.8, 1.0, 50.0, 50.0, 50.0, 50.0, 65.94, 64.0, 60.0, 110.0, 8.0]
  STR: '32-30-60'
      [140.0, 38.8, 1.0, 50.0, 50.0, 50.0, 50.0, 65.94, 64.0, 60.0, 110.0, 8.0]
  STR: '32-30-90'
      [300.0, 38.8, 1.0, 50.0, 50.0, 50.0, 50.0, 65.94, 80.0, 120.0, 110.0, 10.0]
  STR: '40-60-60'
      [260.0, 47.4, 1.0, 55.0, 55.0, 55.0, 55.0, 59.28, 80.0, 120.0, 110.0, 10.0]
  STR: '40-60-90'
      [320.0, 47.4, 1.0, 55.0, 55.0, 55.0, 55.0, 59.28, 120.0, 120.0, 130.0, 14.0]
  STR: '60-60-60'
      [220.0, 70.4, 1.0, 80.0, 80.0, 80.0, 80.0, 77.94, 120.0, 120.0, 130.0, 14.0]
  STR: '60-60-90'
      [360.0, 70.4, 1.0, 80.0, 80.0, 80.0, 80.0, 77.94, 160.0, 160.0, 130.0, 20.0]
  STR: '80-80'
      [340.0, 88.6, 1.0, 100.0, 100.0, 100.0, 100.0, 77.46, 200.0, 160.0, 190.0, 24.0]
  STR: '100-80'
      [460.0, 121.0, 1.0, 125.0, 125.0, 125.0, 125.0, 101.2]

# LSTPOIN.DAT  (2214 bytes, 442 tokens)
  STR: '1'
      [160.0, 160.0, 2.0, 12.124, 30.0, 60.0, 30.0, 40.0, 40.0, 17.321, 20.0, 120.0, 200.0]
  STR: '2-1.0'
      [232.0, 310.0, 2.0, 13.0, 14.4, 152.0, 20.0, 40.0, 60.0, 14.0, 40.0, 25.0, 176.0, 176.0, 260.0]
  STR: '2-1.0-G'
      [232.0, 310.0, 2.0, 13.0, 14.4, 152.0, 20.0, 40.0, 60.0, 14.0, 40.0, 25.0, 176.0, 176.0, 260.0]
  STR: '3-1.0'
      [232.0, 310.0, 2.0, 16.6, 22.4, 136.0, 25.0, 40.0, 60.0, 21.6, 35.0, 25.0, 176.0, 176.0, 260.0]
  STR: '3-1.0-G'
      [232.0, 310.0, 2.0, 16.6, 22.4, 136.0, 25.0, 40.0, 60.0, 21.6, 35.0, 25.0, 176.0, 176.0, 260.0]
  STR: '4-1.5'
      [232.0, 310.0, 3.0, 11.6, 80.6, 68.8, 37.0, 40.0, 90.0, 56.4, 56.0, 64.0, 98.4, 17.8, 176.0, 180.0]
  STR: '4-1.5-G'
      [232.0, 310.0, 3.0, 11.6, 80.6, 68.8, 37.0, 40.0, 90.0, 56.4, 56.0, 64.0, 98.4, 17.8, 176.0, 180.0]
  STR: '4-3.0-H'
      [400.0, 520.0, 6.0, 11.8, 88.2, 217.8, 42.0, 50.0, 64.0, 55.0, 54.0, 66.0, 238.6, 56.0, 176.0, 180.0]
  STR: '4-3.0-HG'
      [400.0, 520.0, 6.0, 11.8, 88.2, 217.8, 42.0, 50.0, 64.0, 55.0, 54.0, 66.0, 238.6, 56.0, 176.0, 180.0]
  STR: '5'
      [232.0, 310.0, 2.0, 33.0, 38.6, 108.4, 20.0, 40.0, 44.0, 10.4, 24.0, 40.0, 114.0, 40.0, 60.0, 200.0, 20.0]
  STR: '5-1.0'
      [232.0, 310.0, 2.0, 33.0, 38.6, 108.4, 20.0, 40.0, 44.0, 10.4, 24.0, 40.0, 114.0, 40.0, 60.0, 200.0]
  STR: '5-1.0-G'
      [232.0, 310.0, 2.0, 33.0, 38.6, 108.4, 20.0, 40.0, 44.0, 10.4, 24.0, 40.0, 114.0, 40.0, 60.0, 200.0]
  STR: '5-1.0-H'
      [432.0, 510.0, 2.0, 33.0, 38.6, 108.4, 20.0, 40.0, 44.0, 10.4, 24.0, 40.0, 114.0, 40.0, 60.0, 200.0]
  STR: '5_1.0_H'
      [432.0, 510.0, 2.0, 33.0, 38.6, 108.4, 20.0, 40.0, 44.0, 10.4, 24.0, 40.0, 114.0, 40.0, 60.0, 200.0]
  STR: '6-1-255'
      [432.0, 510.0, 2.0, 68.914, 241.08, 40.0, 2.0, 40.0, 40.0, 60.0, 200.0]
  STR: '7-3-255'
      [432.0, 510.0, 6.0, 57.459, 174.6, 40.0, 40.0, 40.0, 40.0, 25.0, 176.0, 60.0, 260.0]
  STR: '7-3.0'
      [232.0, 310.0, 6.0, 57.459, 174.6, 40.0, 40.0, 40.0, 40.0, 25.0, 176.0, 60.0, 260.0]
  STR: '7-5.0'
      [232.0, 310.0, 10.0, 46.004, 186.0, 40.0, 40.0, 40.0, 40.0, 25.0, 176.0, 60.0, 260.0]
  STR: '7-5.0-H'
      [400.0, 520.0, 10.0, 65.2, 334.8, 50.0, 50.0, 50.0, 50.0, 25.0, 176.0, 60.0, 320.0]
  STR: '7-7.5'
      [232.0, 310.0, 15.0, 32.0, 200.0, 40.0, 40.0, 40.0, 40.0, 25.0, 176.0, 60.0, 260.0]
  STR: '7-7.5-H'
      [400.0, 520.0, 15.0, 50.4, 349.6, 50.0, 50.0, 50.0, 50.0, 25.0, 176.0, 60.0, 320.0]
  STR: '7-10.0'
      [232.0, 310.0, 20.0, 17.367, 212.0, 40.0, 40.0, 40.0, 40.0, 25.0, 176.0, 60.0, 260.0]
  STR: '8-1.0'
      [232.0, 310.0, 2.0, 30.0, 50.0, 86.0, 40.0, 40.0, 80.0, 50.0, 40.0, 40.0, 114.0, 40.0, 176.0, 210.0]
  STR: '10'
      [310.0, 310.0, 2.0, 60.0, 200.0]
  STR: '11'
      [232.0, 310.0, 2.0, 231.8, 40.0, 40.0, 40.0, 40.0, 40.0, 114.0, 40.0, 359.8, 260.0]
  STR: '12-06RFA'
      [262.0, 380.0, 2.0, 30.0, 70.0, 40.0, 56.0, 36.0, 16.0, 40.0, 114.0, 40.0, 60.0, 100.0]
  STR: '12-16RFA'
      [322.0, 440.0, 4.0, 60.0, 100.0, 40.0, 60.0, 46.0, 32.0, 40.0, 114.0, 40.0, 60.0, 200.0]
  STR: '28'
      [160.0, 236.0, 56.0, 60.0, 60.0, 40.0, 120.0, 120.0, 120.0, 64.0, 98.4, 17.8, 120.0, 611.621]
  STR: '51'
      [232.0, 310.0, 2.0, 33.0, 38.6, 108.4, 20.0, 40.0, 44.0, 10.4, 24.0, 40.0, 114.0, 40.0, 60.0, 200.0, -20.0]

# LSTMAC.DAT  (3363 bytes, 299 tokens)
      [80.0, 660.0, 760.0, 40.0, 60.0]
  STR: '1'
  STR: '1'
      [80.0, 660.0, 760.0, 40.0, 60.0]
  STR: '2'
      [100.0]
  STR: '2'
      [100.0, 80.0, 40.0, 940.0, 60.0, 60.0]
  STR: '3'
      [900.0]
  STR: '3'
      [900.0, 100.0, 700.0, 1000.0, 40.0, 480.0]
  STR: '4'
      [300.0]
  STR: '4'
      [300.0, 80.0, 780.0, 800.0, 6.0, 60.0]
  STR: '5'
      [2.0, -40.0, -20.0]
  STR: '5'
      [20.0, 700.0, 900.0, 40.0, 500.0]
  STR: '6'
      [200.0]
  STR: '6'
      [200.0]
  STR: '1'
  STR: '2'
  STR: 'a'
      [-77830.031, -19841.518]
  STR: 'g'
      [1.6, 4.0, 30.0, 4.4, 8.4, 10.4, 2.8, 17.0, 4.0, 176.0, 400.0, 2000.0, 8.0, 12.0, 66.0, 54.0, 4.0, 2.0, 2.0, 12.0, 100.0, 204.0, 276.0, 366.0, 453.02, 453.02, 920.28, 919.84, 120.0, 6.0, 54.0, 60.0, 4.0, 9.0, 4.0, 90.0, 308.0, 960.0, 8200.0, 60.0, 10.0, 200.0, 84.0, 78.0, 58.0, 78.0, 1676.0, 294.0, 132.0, 30.0, 300.0, 400.0, 150.0, 150.0, 266.0, 380.0, 508.0]
  STR: 'Y1'
  STR: 'Y2'
  STR: 'X'
  STR: 'X1'
  STR: 'X2'
  STR: 'R'
  STR: 'R2'
  STR: 'Z1'
  STR: 'Z2'
      [1.38, 8200.0, 1.78, 50.0, 1.32, 1.7, 50.0, 28.0, 20.4, 44.0, 24.0, 20.0, 2.0, 2.0, 120.0, 350.0, 10.0, 40.0, 200.0, 18.0, 19.98, 6.0]
  STR: 'ZUT1'
  STR: 'ZUT2'
  STR: 'ZUT3'
      [8.4, 20.0, 40.0, 60.0, 80.0]
  STR: 'ADP1'
  STR: 'ADP2'
      [80.0, 8120.0, 4.0, 2.0, 480.0, 1.6, 176.0, 16.0, 16.0, 4.0, 4.0, 12.0, 12.0, 60.0, 60.0, 50.0, 78.0, 40.0, 2.0, 2.0, -552.016, -2240.188, -9088.75, -75264.0]
  STR: 'X'
      [-1.2, 400.0, 6.0, 100.0, 20.0, 200.0, 40.0, 4.0, 1000.0, 10.0, 1024.0, 409.7]
  STR: 'R'
      [160.0, 40.0, 20.0, 80.0, 80.0, 12.0, 6.0, 206.965, -70.0, 330.0, 2048.0, 400.0, 100.0, 20.0, 200.0, 60.0, 6.0, 273.046, -210.0, 210.0, 1640.0, -1.2, 1200.0, 120.0, 300.0, 600.0, 80.0, 12.0, 1640.0, 6960.0, 217.4, -1.0, 1200.0, 300.0, 100.0, 1200.0, 80.0, 12.0, 4.0, 1021.564, 946.0, 7220.0, 220.0, -1.0, 1200.0, 300.0, 100.0, 1200.0, 80.0, 12.0, 4.0, 7260.818, 1036.0, 7310.0, 220.0, 2000.0, 500.0, 200.0, -10000.0, 10000.0, 200.0, 2000.0, 500.0, 400.0, -10000.0, 10000.0, 200.0, 2000.0, 500.0, 200.0, 19998.0, 200.0, 2000.0, 500.0, 440.0, 19998.0, 200.0, 200.0, 200.0, 200.0, 200.0, 500.0, 10.0, 100.0, 7600.0, 600.0, 120.0, 14.0, 500.0, 10.0, 100.0, 7600.0, 600.0, 120.0, 14.0, 100.0, 1.78]
  STR: 'Y1'
  STR: 'Y2'
  STR: 'X'
  STR: 'R'
  STR: 'Controle filtre hydraulique'
  STR: 'Bouton poussoir*Portes*ADP'
  STR: 'Serrage outils'

# LSTPOIN.DAT  (2214 bytes, 442 tokens)
  STR: '1'
      [160.0, 160.0, 2.0, 12.124, 30.0, 60.0, 30.0, 40.0, 40.0, 17.321, 20.0, 120.0, 200.0]
  STR: '2-1.0'
      [232.0, 310.0, 2.0, 13.0, 14.4, 152.0, 20.0, 40.0, 60.0, 14.0, 40.0, 25.0, 176.0, 176.0, 260.0]
  STR: '2-1.0-G'
      [232.0, 310.0, 2.0, 13.0, 14.4, 152.0, 20.0, 40.0, 60.0, 14.0, 40.0, 25.0, 176.0, 176.0, 260.0]
  STR: '3-1.0'
      [232.0, 310.0, 2.0, 16.6, 22.4, 136.0, 25.0, 40.0, 60.0, 21.6, 35.0, 25.0, 176.0, 176.0, 260.0]
  STR: '3-1.0-G'
      [232.0, 310.0, 2.0, 16.6, 22.4, 136.0, 25.0, 40.0, 60.0, 21.6, 35.0, 25.0, 176.0, 176.0, 260.0]
  STR: '4-1.5'
      [232.0, 310.0, 3.0, 11.6, 80.6, 68.8, 37.0, 40.0, 90.0, 56.4, 56.0, 64.0, 98.4, 17.8, 176.0, 180.0]
  STR: '4-1.5-G'
      [232.0, 310.0, 3.0, 11.6, 80.6, 68.8, 37.0, 40.0, 90.0, 56.4, 56.0, 64.0, 98.4, 17.8, 176.0, 180.0]
  STR: '4-3.0-H'
      [400.0, 520.0, 6.0, 11.8, 88.2, 217.8, 42.0, 50.0, 64.0, 55.0, 54.0, 66.0, 238.6, 56.0, 176.0, 180.0]
  STR: '4-3.0-HG'
      [400.0, 520.0, 6.0, 11.8, 88.2, 217.8, 42.0, 50.0, 64.0, 55.0, 54.0, 66.0, 238.6, 56.0, 176.0, 180.0]
  STR: '5'
      [232.0, 310.0, 2.0, 33.0, 38.6, 108.4, 20.0, 40.0, 44.0, 10.4, 24.0, 40.0, 114.0, 40.0, 60.0, 200.0, 20.0]
  STR: '5-1.0'
      [232.0, 310.0, 2.0, 33.0, 38.6, 108.4, 20.0, 40.0, 44.0, 10.4, 24.0, 40.0, 114.0, 40.0, 60.0, 200.0]
  STR: '5-1.0-G'
      [232.0, 310.0, 2.0, 33.0, 38.6, 108.4, 20.0, 40.0, 44.0, 10.4, 24.0, 40.0, 114.0, 40.0, 60.0, 200.0]
  STR: '5-1.0-H'
      [432.0, 510.0, 2.0, 33.0, 38.6, 108.4, 20.0, 40.0, 44.0, 10.4, 24.0, 40.0, 114.0, 40.0, 60.0, 200.0]
  STR: '5_1.0_H'
      [432.0, 510.0, 2.0, 33.0, 38.6, 108.4, 20.0, 40.0, 44.0, 10.4, 24.0, 40.0, 114.0, 40.0, 60.0, 200.0]
  STR: '6-1-255'
      [432.0, 510.0, 2.0, 68.914, 241.08, 40.0, 2.0, 40.0, 40.0, 60.0, 200.0]
  STR: '7-3-255'
      [432.0, 510.0, 6.0, 57.459, 174.6, 40.0, 40.0, 40.0, 40.0, 25.0, 176.0, 60.0, 260.0]
  STR: '7-3.0'
      [232.0, 310.0, 6.0, 57.459, 174.6, 40.0, 40.0, 40.0, 40.0, 25.0, 176.0, 60.0, 260.0]
  STR: '7-5.0'
      [232.0, 310.0, 10.0, 46.004, 186.0, 40.0, 40.0, 40.0, 40.0, 25.0, 176.0, 60.0, 260.0]
  STR: '7-5.0-H'
      [400.0, 520.0, 10.0, 65.2, 334.8, 50.0, 50.0, 50.0, 50.0, 25.0, 176.0, 60.0, 320.0]
  STR: '7-7.5'
      [232.0, 310.0, 15.0, 32.0, 200.0, 40.0, 40.0, 40.0, 40.0, 25.0, 176.0, 60.0, 260.0]
  STR: '7-7.5-H'
      [400.0, 520.0, 15.0, 50.4, 349.6, 50.0, 50.0, 50.0, 50.0, 25.0, 176.0, 60.0, 320.0]
  STR: '7-10.0'
      [232.0, 310.0, 20.0, 17.367, 212.0, 40.0, 40.0, 40.0, 40.0, 25.0, 176.0, 60.0, 260.0]
  STR: '8-1.0'
      [232.0, 310.0, 2.0, 30.0, 50.0, 86.0, 40.0, 40.0, 80.0, 50.0, 40.0, 40.0, 114.0, 40.0, 176.0, 210.0]
  STR: '10'
      [310.0, 310.0, 2.0, 60.0, 200.0]
  STR: '11'
      [232.0, 310.0, 2.0, 231.8, 40.0, 40.0, 40.0, 40.0, 40.0, 114.0, 40.0, 359.8, 260.0]
  STR: '12-06RFA'
      [262.0, 380.0, 2.0, 30.0, 70.0, 40.0, 56.0, 36.0, 16.0, 40.0, 114.0, 40.0, 60.0, 100.0]
  STR: '12-16RFA'
      [322.0, 440.0, 4.0, 60.0, 100.0, 40.0, 60.0, 46.0, 32.0, 40.0, 114.0, 40.0, 60.0, 200.0]
  STR: '28'
      [160.0, 236.0, 56.0, 60.0, 60.0, 40.0, 120.0, 120.0, 120.0, 64.0, 98.4, 17.8, 120.0, 611.621]
  STR: '51'
      [232.0, 310.0, 2.0, 33.0, 38.6, 108.4, 20.0, 40.0, 44.0, 10.4, 24.0, 40.0, 114.0, 40.0, 60.0, 200.0, -20.0]

# PI20000.DAT  (1761 bytes, 260 tokens)
      [-4512.375, 5.0, 74.0]
  STR: '10-30-60'
  STR: '5_1.0_H'
  STR: 'EXEMPLE.DXF'
      [40.0, 178.0, 498.0, 362.525, 209.902]
  STR: ' 3/ 6/1997'
  STR: 'g'
      [-2.031, -8.25, 3.275, 325.48, 180.0, 42.74, 42.74, 92.5, 92.5, 617.208, 617.208, 3630.37, 3720.37, 120.0, 13.172]
  STR: '1'
      [3331.26, 42.74, 42.74, 92.5, 92.5, 3.275, 133.0, 180.0, 82.74, 82.74, 92.5, 92.5, 617.208, 617.208, 3903.5, 3993.5, 120.0, 5.382]
  STR: '1'
      [-180.0, 3867.0, 82.74, 82.74, 92.5, 92.5, 3.275, 133.202, 180.0, 82.74, 82.74, 90.0, 92.5, 617.208, 617.208, 3016.625, 3116.375, 120.0, 5.39]
  STR: '1'
      [360.0, 3000.0, 82.74, 82.74, 92.5, 92.5, -1.008, -4.156, 68.5, 47.347, 42.74, 300.564, 397.005, 137.607, 133.0, 47.347, 42.74, 1133.436, 397.005, 137.7, 133.093, 87.347, 82.74, 442.293, 239.865, 181.214, 172.0, 991.707, 239.865, 87.347, 82.74, 47.347, 42.74, 717.0, 397.005, 137.737, 133.13, 76.74, -42.74, -42.74, 325.48, -180.0, 3.275, -4.607, 82.74, -42.74, 82.74, -175.74, 133.0, 180.0, 3.275, -4.607, 254.74, -42.74, 254.74, -175.942, 133.202, 180.0, 3.275, -4.607, 38.37, 38.37, -175.74, 175.74, 299.11, 299.11, -175.833, 175.833, -109.24, 337.48, -109.24, 337.48, 168.74, 168.74, -175.87, 175.87, 76.74, 423.128, 498.0, 76.74, -42.74, 423.128, 397.005, 82.74, -42.74, 442.293, 397.005, 82.74, 442.293, 498.0, 254.74, 991.707, 498.0, 254.74, -42.74, 991.707, 397.005, 260.74, -42.74, 1010.872, 397.005, 260.74, 1010.872, 498.0, 337.48, 1256.0, 498.0, 337.48, -175.74, 1256.0, 82.725, 230.74, -176.0, 915.044, 82.111, 230.74, -87.74, 915.044, 290.67, 200.74, -87.74, 819.216, 290.67, 200.74, -176.0, 819.216, 82.111, 136.74, -175.74, 614.784, 82.725, 136.74, -87.74, 614.784, 290.67, 106.74, -87.74, 518.956, 290.67, 106.74, -175.74, 518.956, 82.725, 30.0, -175.74, 273.828, 82.725, -145.74, 178.0, 153.615, 178.0, 498.0, -274.008, -1112.0]
  STR: '10-30-60'
      [3000.0, 1000.0, 8200.0, 8200.0, 8200.0, 8200.0, 8200.0, 8200.0, 8200.0, 8200.0, 8200.0, 8200.0, 8200.0, 8200.0, 8200.0, 8200.0, 8200.0, -8.251]
  STR: 'D'
  STR: '5_1.0_H'
      [3000.0, 1000.0, 8200.0, 8200.0, 8200.0, 8200.0, 8200.0, 8200.0, 8200.0, 8200.0, 8200.0, 8200.0, 8200.0, 8200.0, 8200.0, 8200.0, 8200.0]

# PI20001.DAT  (2517 bytes, 426 tokens)
      [-4512.375, 2.0, 74.0]
  STR: '6_30_9H'
  STR: '5_1.0_H'
      [40.0, 276.0, 380.0, 1153.182, 667.692]
  STR: ' 3/ 6/1997'
  STR: 'g'
      [-2.031, -8.25, 2.0, 230.0, 180.0, 366.779, 366.779, 91.0, 91.0, 616.864, 616.864, 3946.0, 4394.0, 120.0, 2.482]
  STR: '1'
      [4000.0, 366.779, 366.779, 91.0, 91.0, 2.0, 140.0, 180.0, 740.0, 740.0, 91.0, 91.0, 616.864, 616.864, 4974.0, 5166.0, 120.0, 1.511, 1.0]
  STR: '1'
      [-180.0, 5000.0, 740.0, 740.0, 91.0, 91.0, 2.0, 239.99, 180.0, 720.0, 720.0, 91.0, 91.0, 616.864, 616.864, 3174.005, 3366.005, 120.0, 2.59]
  STR: '1'
      [-8191.875, 3150.005, 720.0, 720.0, 91.0, 91.0, 2.0, 560.0, 180.0, 160.0, 160.0, 91.0, 91.0, 616.864, 616.864, 3046.0, 3494.0, 163.919, 6.043]
  STR: '1'
      [180.0, 2990.0, 160.0, 160.0, 91.0, 91.0, 2.0, 240.0, 180.0, 160.0, 160.0, 91.0, 91.0, 616.864, 616.864, 3014.0, 3206.0, 163.919, 2.59, 1.0]
  STR: '1'
      [-180.0, 2990.0, 160.0, 160.0, 91.0, 91.0, 2.0, 559.96, 180.0, 160.0, 160.0, 91.0, 91.0, 616.864, 616.864, 3046.02, 3494.02, 163.919, 6.043]
  STR: '1'
      [-180.0, 2990.02, 160.0, 160.0, 91.0, 91.0, -1.008, -4.156, 70.0, 161.919, 160.0, 436.668, 290.857, 563.837, 560.0, 999.008, 290.857, 23.837, 20.0, 1019.092, 290.857, 141.919, 140.0, 161.919, 160.0, 637.504, 380.0, 210.616, 206.779, 637.504, 226.393, 37.059, 33.221, 637.504, 201.714, 161.919, 160.0, 161.919, 160.0, 823.277, 380.0, 210.616, 206.779, 823.277, 226.393, 37.059, 33.221, 823.277, 201.714, 161.919, 160.0, 740.0, -50.0, 740.0, -190.0, 140.0, -180.0, 2.0, -1.919, 720.0, 720.0, -240.0, 239.99, 180.0, 2.0, -1.919, 160.0, -240.0, 160.0, 240.0, 180.0, 2.0, -1.919, 310.0, -206.779, 410.0, -206.779, 230.0, -180.0, 2.0, -1.919, 160.0, 719.96, 559.96, 180.0, 2.0, -1.919, 720.0, -240.0, 160.0, -240.0, 560.0, 180.0, 2.0, -1.919, -120.0, 880.0, -120.0, 880.0, 360.0, 160.0, 360.0, -400.0, 560.0, 545.0, 160.0, 545.0, -400.0, 560.0, 160.0, 436.668, 380.0, 160.0, 160.0, 436.668, 498.857, 720.0, 160.0, 999.008, 498.857, 720.0, 999.008, 380.015, 659.98, -30.0, 938.737, 357.714, 230.0, -30.0, 506.961, 357.714, 230.0, -210.0, 506.961, 224.0, 310.0, -210.0, 587.295, 224.0, 310.0, -110.0, 587.295, 298.286, 410.0, -110.0, 687.713, 298.286, 410.0, -210.0, 687.713, 224.0, 480.0, -210.0, 758.005, 224.0, 480.0, -110.0, 758.005, 298.286, 610.0, -110.0, 888.549, 298.286, 610.0, -210.0, 888.549, 224.0, 660.0, -210.0, 938.758, 224.0, 660.0, -30.02, 938.758, 357.699, 720.02, 999.028, 380.0, 879.98, 1159.657, 380.0, 859.98, -30.0, 1139.573, 357.714, 740.0, -30.0, 1019.092, 357.714, 740.0, -50.0, 1019.092, 342.857, 840.0, -50.0, 1119.51, 342.857, 840.0, -190.0, 1119.51, 238.857, 740.0, -190.0, 1019.092, 238.857, 740.0, -210.0, 1019.092, 224.0, 860.0, -210.0, 1139.593, 224.0, 860.0, -30.02, 1139.593, 357.699, 880.0, 1159.677, 379.985, 880.0, -240.0, 1159.677, 201.714, 720.0, -240.0, 999.008, 201.714, 720.0, -400.0, 999.008, 82.857, 160.0, -400.0, 436.668, 82.857, 160.0, -240.0, 436.668, 201.714, -240.0, 276.0, 201.714, 276.0, 380.0, -274.008, -1112.0]
  STR: '6_30_9H'
      [3000.0, 540.0]
  STR: '6_30_9H'
      [4000.0, 130.0]
  STR: '6_30_9H'
      [4200.0, 130.0]
  STR: '6_30_9H'
      [5000.0, 140.0, 8200.0, 8200.0, 8200.0, 8200.0, 8200.0, 8200.0, 8200.0, 8200.0, 8200.0, 8200.0, 8200.0, 8200.0, -8.251]
  STR: 'D'
  STR: '5_1.0_H'
      [3000.0, 540.0]
  STR: '5_1.0_H'
      [4000.0, 130.0]
  STR: '5_1.0_H'
      [4200.0, 130.0]
  STR: '5_1.0_H'
      [5000.0, 140.0, 8200.0, 8200.0, 8200.0, 8200.0, 8200.0, 8200.0, 8200.0, 8200.0, 8200.0, 8200.0, 8200.0, 8200.0]

# DIRPIE.DAT  (352 bytes, 26 tokens)
  STR: 'EXEMPLE.DXF'
  STR: ' 3/ 6/1997'
  STR: '5_1.0_H'
  STR: '10-30-60'
      [5.0, 337.48]
  STR: ' 3/ 6/1997'
  STR: '5_1.0_H'
  STR: '6_30_9H'
      [2.0, 880.0, 138.451]
  STR: '5-1.0-G'
  STR: '6-30-60'
      [3.0, 910.0, 5.598]
  STR: '5-1.0'
  STR: '8-30-90'
      [4.0, 602.471, 5.001]
  STR: '5-1.0'
  STR: '8-30-90'
      [4.0, 602.471]

